0 0 0 0 0 0 0 0 0 0 
0 0 0 0 0 0 0 0 0 0 
0 0 0 0 0 0 0 0 0 0 
0 0 0 0 0 0 0 0 0 0 
0 0 0 0 0 0 0 0 0 0 
0 0 0 0 0 0 0 0 0 0 
0 0 0 0 0 0 0 0 -0.01484069787 -0.01923073083 
0 0 0 0 0 0 0 0 0 0 
0 0 0 0 0 0 0 0 0 0 
0 0 0 0 0 0 0 0 0 0 
0 0 0 0 0 0 0 0 0 0 
0 0 0 0 0 0 0 0 0 0 
0 0 0 0 0 0 0 0 0 0 
0 0 0 0 0 0 0 0 0 0 
0 0.8773219585 1.075596571 1.40002203 1.876827478 2.344748974 3.081727028 2.998626232 2.938185215 2.828998089 
2.973812103 2.754874945 2.68661356 2.480779648 2.537680387 2.347850323 2.182124376 2.094581127 1.986999631 1.887657523 
1.413087845 1.398104191 1.134000063 1.134000063 1.134000063 1.134000063 1.242326617 1.706931829 1.692226648 1.989921927 
2.219563723 2.628081322 2.574985027 2.794709206 3.09441185 3.163569927 3.395165443 3.884735584 3.883999825 3.883999825 
3.858367443 3.662519932 3.64332056 3.876170635 3.883999825 3.883999825 3.883999825 3.883999825 3.883999825 3.883999825 
3.883999825 3.883999825 3.883999825 3.883999825 3.883999825 3.883999825 3.883999825 3.883999825 3.883999825 3.889794827 
3.90038538 3.883999825 3.883999825 3.883999825 3.992875576 4.09194088 4.256105423 4.380378723 4.449081898 4.574378014 
4.693090916 4.857821941 4.968973637 5.056411743 5.08505106 5.043437004 4.958024025 4.848415852 4.550063133 4.501896858 
4.372270107 4.193488121 4.066474915 3.954336643 4.106800556 4.56973362 4.723414898 4.808048248 4.810840607 4.694669247 
4.549123287 3.967776299 3.947404861 4.014260292 4.577364922 5.229576111 6.039550304 6.103468895 7.921613216 8.982819557 
9.838414192 9.886390686 9.5679245 9.061942101 8.989719391 7.307826519 6.639145374 5.848574162 5.000717163 4.969745159 
5.15193224 7.264192581 8.340648651 9.055932999 8.983781815 7.393731594 5.628108501 6.607809544 8.712235451 8.779028893 
10.61015034 12.24082375 12.21913052 12.91534233 12.99171162 6.779827595 6.351202011 5.816046238 5.864382267 6.092101574 
6.784521103 6.955300331 6.935976028 6.891818047 9.449472427 14.06012917 13.67085075 13.24926949 14.67876911 13.40767574 
13.70148659 13.87546825 13.03131962 11.88244629 11.91454029 13.07865429 13.16820908 13.82436657 13.77566528 13.88111496 
14.1931591 12.97953129 6.241597652 4.547564507 4.530344963 7.358026505 12.10390282 12.22107315 11.62162399 14.26772404 
13.99618912 12.22062111 15.16106415 16.38441849 15.37767315 6.517564297 14.13148308 14.93693542 12.60982418 10.17878723 
10.65484333 12.62963104 18.35690308 18.82352829 19.09142876 19.20761299 20.19343376 20.6024189 21.09573936 21.86106491 
21.79071617 21.9585743 22.21570969 22.21185493 20.68240929 19.40915871 11.82774448 19.79171371 19.67503929 19.85556602 
19.26610947 18.83323479 20.71474457 21.22926903 21.63252449 21.84945297 22.06352997 22.26996231 22.32730293 22.38244057 
22.54436302 22.72743416 22.81532669 23.09535408 23.31826401 0 0 0 0 0 
0 0 0 0 0 0 0 0 0 0 
0 0 0 0 0 0 0 0 0 0 
0 0 0 0 0 0 0 0 0 0 
0 0 0 0 0 0 0 0 0 0 
0 0 0 0 0 0 0 0 0 0 
0 0 0 0 0 0 0 0 0 0 
0 0 0 0 -0.02215687744 0 0 0 0 0 
0 0 0 0 0 0 0 0 0 0 
0 0 0 0 0 0 0 0 0 0 
0 0 0 0 0 0 0 0 0 0 
0 0 0 0 0 0 0 0 0 0 
0 0 0 0 0 0 0 0 0 0 
0 0 0 0 0 0 0 0 0 0 
0 0 0 0 0 0 0.8803455234 1.106556535 1.547314286 2.061945438 
2.474784613 3.552569866 3.376735687 3.168457508 3.254346371 3.214244843 3.158570766 2.945583344 3.064950943 2.816333294 
2.565707922 2.354522705 2.346172571 2.21335125 1.983568192 1.975078464 1.884940505 1.567104578 1.134000063 1.134000063 
1.134000063 1.134000063 1.134000063 1.136219025 1.683113337 1.944553733 1.906778693 2.092646122 2.560671091 2.881507397 
2.89418745 3.223436832 3.562491894 3.548419952 3.79153204 3.611593246 3.552767277 3.718341351 3.875522614 3.883999825 
3.883999825 3.883999825 3.883999825 3.883999825 3.883999825 3.883999825 3.883999825 3.883999825 3.883999825 3.883999825 
3.883999825 3.883999825 3.883999825 3.883999825 3.883999825 3.883999825 3.883999825 3.883999825 3.906161308 3.996654987 
4.035817623 4.206076145 4.286527634 4.406975746 4.509233952 4.624022007 4.67670536 4.788373947 5.013417721 5.053925037 
5.022175789 4.963898659 4.85761261 4.795257092 4.668792248 4.436681747 4.253502846 4.319586277 4.289376259 4.341495514 
4.66090107 4.749871254 4.798312187 4.805912495 4.738990784 4.59601593 4.299087524 4.121753216 3.932844639 4.106369019 
4.846216202 4.165662289 4.4960742 6.872078419 8.164447784 9.829040527 9.766712189 9.418201447 9.251913071 9.428847313 
8.954427719 7.883636951 5.620568752 4.710185528 4.697163582 4.831053734 7.108534813 8.856461525 9.889631271 5.993346214 
6.672719002 8.322574615 8.258313179 7.537980556 6.810351849 10.11435413 11.62957573 12.07181263 12.2241478 13.08888721 
7.865997791 7.997498035 5.978253841 5.851874352 5.891479015 6.632949829 6.94969511 6.947396755 6.553867817 7.074029446 
11.8023386 11.97378922 13.88741302 14.88275051 14.73909092 11.1426754 9.573937416 7.851683617 11.96930885 13.08607006 
13.05261135 13.0419569 13.03611755 13.14031029 13.03022003 13.79811382 15.30811024 15.26555157 12.7679224 5.330101013 
5.531780243 6.76183176 8.789268494 13.27082634 9.586705208 7.302427769 11.22636986 12.34830093 11.57130527 8.139673233 
8.687436104 8.689100266 7.174482346 11.71751118 13.50577354 13.41277695 14.27665806 16.34931183 17.21269989 18.81841087 
19.50540161 19.98246765 20.56824493 21.01064682 21.3338871 21.4528141 21.73776817 21.73792839 21.15127373 20.77087593 
20.51024818 19.80258179 12.98881054 13.5985899 13.04876041 19.82731247 19.82821274 20.37457466 21.16914558 22.17599106 
22.04650307 21.93484497 22.23731232 22.16438103 22.02571678 22.28060913 22.35597992 22.72634125 22.97693634 23.23658943 
0 0 0 0 0 0 0 0 0 0 
0 0 0 0 0 0 0 0 0 0 
0 0 0 0 0 0 0 0 0 0 
0 0 0 0 0 0 0 0 0 0 
0 0 0 0 0 0 0 0 0 0 
0 0 0 0 0 0 0 0 0 0 
0 0 0 0 0 0 0 0.5099519491 0.5607562065 0.07554326206 
0 0 0 0 0 0 0 0 0 0 
0 0 0 0 0 0 0 0 0 0 
0 0 0 0 0 0 0 0 0 0 
0 0 0 0 0 0 0 0 0 0 
0 0 0 0 0 0 0 0 0 0 
0 0 0 0 0 0 0 0 0 0 
0 0 0 0 0 0 0 0 0 0 
0 0.8845296502 1.108788729 1.908492208 2.942190647 3.573999882 3.833563805 3.632822514 3.342338085 3.405118942 
3.413519859 3.450917721 3.791966915 3.703050613 3.038414001 2.765439034 2.617022038 2.443272829 2.304187298 2.165624619 
2.140288591 1.958590627 1.885907531 1.858961701 1.680538535 1.134000063 1.134000063 1.134000063 1.134000063 1.128426433 
1.675838232 1.686638713 1.881194472 2.042219162 2.291548252 2.59128809 2.951410294 3.330603123 3.292785645 3.520561695 
3.618083954 3.870937824 3.857602596 3.883999825 3.883999825 3.883999825 3.883999825 3.883999825 3.883999825 3.883999825 
3.883999825 3.880822182 1.966177464 2.18571353 2.258749485 2.916717052 1.700438499 3.543894291 3.883999825 3.883999825 
3.883999825 3.883999825 3.88984251 3.999300003 4.048321724 4.079061508 4.153967857 4.261511326 4.395036697 4.473789215 
4.556353092 4.65839529 4.753375053 4.849579811 4.947263718 5.011262417 4.972586155 4.893190384 4.854758263 4.749052525 
4.648732185 4.667904377 4.590671539 4.597131252 4.620554924 4.888492584 4.847541332 4.844258308 4.842988014 4.8522892 
4.729480743 4.573388577 5.161710262 5.923794746 6.95038271 3.954580307 6.48460722 5.158071518 2.9164114 7.19540596 
4.706254959 3.402273178 7.112382889 4.736221313 3.099070549 6.255349636 7.702355385 4.729113102 4.534754276 4.710533619 
7.685770512 8.366539001 7.885274887 5.780700207 7.690303326 8.685036659 8.541340828 7.037976265 6.006986141 7.41317606 
8.70192337 10.40308189 11.66511536 11.06826496 7.106235504 6.793272495 6.632820606 6.423202038 6.371084213 6.024517059 
5.937066078 6.590639591 6.412228107 6.510351181 6.707521915 10.2356081 13.2804184 14.83097172 15.26275539 15.50548458 
13.18918133 10.37492085 7.66425705 11.56954193 13.0545826 13.1169529 12.18290234 12.52973366 12.80901909 13.02935886 
14.81032181 15.09089088 15.29491997 14.82390499 7.657209873 5.027152538 5.194657326 4.582662106 5.839603424 6.591262341 
6.101065636 6.213693619 6.590282917 6.15989542 5.293263912 13.37471008 14.05531502 12.00843239 14.21514416 14.66974258 
14.78705788 15.48124504 16.82975197 17.46316719 18.07454681 18.90641212 20.0341301 20.53632164 20.91833115 21.23112106 
21.27987099 21.34644127 21.25100517 21.37052727 21.43941689 21.15045166 20.26536179 17.69412041 15.22965145 19.4250164 
19.49846077 19.33855247 21.42518044 22.13687515 22.5756588 22.29247475 21.9655056 21.52671242 21.50317192 21.7136631 
21.99299812 22.11021042 22.39880562 22.88664627 22.94560814 0 0 0 0 0 
0 0 0 0 0 0 0 0 0 0 
0 0 0 0 0 0 0 0 0 0 
0 0 0 0 0 0 0 0 0 0 
0 0 0 0 0 0 0 0 0 0 
0 0 0 0 0 0 0 0 0 0 
0 0 0 0 0 0 0 0 0 0 
0 0 0 0 0.02284647338 0.01837997884 0 0 0 0 
0 0 0 0 0 0 0 0 0 0 
0 0 0 0 0 0 0 0 0 0 
0 0 0 0 0 0 0 0 0 0 
0 0 0 0 0 0 0 0 0 0 
0 0 0 0 0 0 0 0 0 0 
0 0 0 0 0 0 0 0 0 0 
0 0 0 0 0 0 0 0.8772345781 2.005078316 3.227584839 
3.573999882 3.573999882 3.728467464 3.715814114 3.613719463 3.582355022 3.677609921 3.573999882 3.775847912 3.428182125 
3.129857063 2.680821896 2.507303238 2.389258862 2.312868595 2.215468884 2.124631166 2.029062271 1.927827954 1.832273126 
1.497591019 1.68137598 1.134000063 1.134000063 1.134000063 1.134000063 1.135418534 1.570521116 1.796172619 1.720568061 
1.999434829 2.600281477 2.600049257 2.937840462 3.22109127 3.44070816 3.593542576 3.811696529 3.883999825 3.883999825 
3.883999825 3.883999825 3.883999825 3.655636787 3.336654663 2.309586287 1.787708044 1.124399781 1.114909887 1.842022419 
1.134000063 1.134000063 1.546916723 3.883999825 3.898952007 3.883999825 3.883999825 3.883999825 4.070534229 4.112265587 
4.161551952 4.270638943 4.31952095 4.378767014 4.431824207 4.585224152 4.668253899 4.757546902 4.880517483 4.972508907 
5.029713154 5.029512882 4.961956024 4.895813465 4.820576668 4.739289761 4.780303001 4.777284622 4.872783184 5.083284378 
5.074338913 5.037024498 5.003829956 5.158201694 5.077309132 4.902785778 4.961624622 5.466326714 6.058274746 6.818094254 
6.779302597 6.921865463 7.116776466 7.118019104 7.167984962 7.164834976 7.18031168 7.208967686 7.178992748 7.030795574 
6.653541565 7.113900661 7.305492401 7.678686142 7.741335869 8.410187721 8.380681038 8.249298096 7.994759083 7.893024445 
8.079524994 8.350084305 6.776073456 7.280278206 8.417164803 9.474736214 10.49497509 10.66183758 10.12966251 6.967199802 
6.946499348 6.78870821 6.501076698 6.656754971 6.515916824 6.097030163 6.176085949 6.063261986 6.573466778 7.955030918 
11.87435818 13.71793175 15.73329735 15.87935352 14.16750908 10.2114687 7.341771603 6.868772984 13.41566753 13.07053661 
12.43378353 12.08562374 13.06343555 13.05633926 13.09772778 14.24437237 14.20135307 13.83019733 8.946177483 6.882143497 
7.673010349 6.43006897 5.954434395 4.318079948 5.674304962 7.922104836 6.737170219 4.282062054 5.508778572 13.89699554 
14.22387409 14.52338982 14.16839314 14.70612335 15.02571678 15.25075245 16.90629387 17.46618843 18.02828217 18.5337162 
19.93983269 20.22222519 20.501297 21.05272102 21.34284973 21.29391479 21.15870285 20.8411274 21.71776962 22.00677872 
21.45625687 21.38734818 20.60856247 19.34362984 18.45710182 18.36174583 19.06305504 22.17794991 23.10036278 22.97842026 
22.63518143 22.21334457 20.93174744 20.98867226 21.38787079 21.90630341 22.2538414 22.51570702 22.71981812 22.77365112 
0 0 0 0 0 0 0 0 0 0 
0 0 0 0 0 0 0 0 0 0 
0 0 0 0 0 0 0 0 0 0 
0 0 0 0 0 0 0 0 0 0 
0 0 0 0 0 0 0 0 0 0 
0 0 0 0 0 0 0 0 0 0 
0 0 0 0 0 0 0 0 0.003879125696 0.005004825071 
0.006671463605 0.005653262138 0.0007276014076 0 0 0 0 0 0 0 
0 0 0 0 0 0 0 0 0 0 
0 0 0 0 0 0 0 0 0 0 
0 0 0 0 0 0 0 0 0 0 
0 0 0 0 0 0 0 0 0 0 
0 0 0 0 0 0 0 0 0 0 
0 0 0 0 0 0 0 0 0 0 
0 0 0.8895109892 1.147456169 2.263905764 3.573999882 3.573999882 3.794412136 3.57656908 3.697260857 
3.800260067 3.573999882 3.818547249 3.630811214 3.393766403 3.10656929 2.924981117 2.712181091 2.448006153 2.367820263 
2.274580002 2.194250107 2.150063992 2.069077015 1.992804885 1.830191135 1.860193372 1.56896472 1.134000063 1.134000063 
1.134000063 1.134000063 1.134000063 1.134000063 1.194882512 1.67159152 1.898148179 1.794313669 2.662544489 3.04737711 
3.463739395 3.680333138 3.883999825 3.883999825 3.883999825 3.883999825 3.883999825 3.869475365 1.853290439 1.740926385 
1.272274137 3.632677555 3.392120838 2.032016754 1.170322895 1.34666729 1.134000063 1.134000063 1.134000063 1.57676363 
3.333248615 3.883999825 3.938858986 4.025835037 4.09539032 4.195615768 4.303855896 4.37191391 4.420222282 4.539820194 
4.588597775 4.627229214 4.772028923 4.913741112 5.011460304 5.053424835 5.057495594 5.072150707 5.012081623 4.871845722 
4.950459003 4.939671993 4.982659817 5.028709412 5.302073956 5.317752361 5.248071194 5.342423916 5.305152416 5.239253521 
5.175076962 5.411581516 5.724071026 6.174168587 6.581605911 6.715743065 6.908955574 7.005354881 6.99553299 7.11643219 
7.157226562 7.196742058 7.181276798 7.190701008 7.198512554 7.14119339 7.279373169 7.435478687 7.691540241 7.974236012 
8.196001053 8.311225891 8.205982208 7.905315399 7.562234402 6.927068233 6.420693874 7.038489819 7.652802467 9.26409626 
10.00252056 10.16757584 9.932332039 8.814141273 6.936999798 6.936999798 6.94276762 6.954449177 6.96378231 6.92698288 
6.58567667 6.542228699 6.198486328 6.111746311 7.132613182 8.320351601 10.56163979 13.07753944 10.2671175 6.388723373 
5.783257484 6.382667542 6.671522141 7.309617996 6.932254791 8.671437263 12.13355827 12.99430466 13.33906746 14.08930874 
14.15079689 13.8854208 12.86996841 15.13407612 12.39095211 10.39510059 13.01805305 13.35920238 9.565538406 12.03009129 
12.26478291 13.87555122 8.510613441 6.15872097 13.56175232 14.3379097 14.56020927 14.20435524 14.39482975 14.90714169 
15.34453297 15.94282341 17.16336823 18.68704224 20.00030136 20.72812462 21.20695686 21.31380272 21.89629364 21.58299446 
21.44343567 21.14490128 19.28515625 21.13813972 22.59247589 22.99821091 22.07762909 20.88531494 19.57112503 18.79505348 
19.69562912 21.05735016 23.7118187 23.558218 23.28887749 22.80143166 20.72626877 19.59454536 19.93386078 20.77983665 
22.2146492 22.39112282 22.59328461 22.54844284 22.41515732 0 0 0 0 0 
0 0 0 0 0 0 0 0 0 0 
0 0 0 0 0 0 0 0 0 0 
0 0 0 0 0 0 0 0 0 0 
0 0 0 0 0 0 0 0 0 0 
0 0 0 0 0 0 0 0 0 0 
0 0 0 0 0 0 0 0 0 0 
0 0 0 0.0008524852456 0.0009812080534 0.001004390419 0 0 0 0 
0 0 0 0 0 0 0 0 0 0 
0 0 0 0 0 0 0 0 0 0 
0 0 0 0 0 0 0 0 0 0 
0 0 0 0 0 0 0 0 0 0 
0 0 0 0 0 0 0 0 0 0 
0 0 0 0 0 0 0 0 0 0 
0 0 0 0 0 0 0 0.8510604501 1.202212095 2.391697407 
3.349131107 3.573999882 3.573999882 3.573999882 3.573999882 3.733452797 3.573999882 3.573999882 3.564870358 3.249194145 
3.075685978 2.900822639 2.724984407 2.624149323 2.521450996 2.32409668 2.24411726 2.220112324 2.153913975 2.067539215 
2.074935436 2.004215717 1.834248781 1.214388847 1.140166759 1.134000063 1.134000063 1.134000063 1.134000063 1.134000063 
1.134000063 1.151077509 1.513909101 2.021115303 2.520625114 3.533175945 3.874778748 3.883999825 2.805535793 2.646242142 
2.462429523 2.255475044 1.134000063 1.212885261 1.97143364 2.990344524 3.56664896 3.616328716 3.694551945 3.666481018 
3.702816963 1.813712835 2.523719311 1.551495075 1.134000063 1.400683522 3.586194038 3.909179688 3.998766899 4.086129665 
4.120731831 4.228285789 4.41526556 4.482375622 4.589740276 4.637870312 4.686702728 4.788257599 4.867099762 5.047708035 
5.097793102 5.142203808 5.122554779 5.073264122 5.022583008 5.112784386 5.155533791 5.215957642 5.418569088 5.45599699 
5.484932899 5.460060596 5.450795174 5.41230154 5.394475937 5.565706253 5.67701149 5.787425041 5.964757442 6.407148838 
6.642767429 6.908224106 6.968947411 6.928275108 6.91532135 6.975459576 7.107605457 7.132243633 7.150779247 7.174315453 
7.171114922 7.208796501 7.425269127 7.668804646 7.835154057 8.007493973 8.119956017 7.91536808 7.868501186 7.37665081 
6.962343216 6.863889694 7.608219624 8.162178993 9.081921577 9.66425705 9.844758034 9.25480938 7.654473782 6.936999798 
6.936999798 6.936999798 6.958673477 6.967909336 6.955821514 6.931174755 6.709764957 6.487091541 6.302774429 6.258522034 
6.2747159 6.556373596 8.850672722 6.473317146 6.147044182 4.713959217 7.182413101 6.507062435 6.978537083 7.836045742 
9.436382294 11.13725758 12.41045475 13.83143425 14.11205101 14.21007824 13.62921906 13.00601292 13.85508728 13.86274433 
12.86358166 12.32145977 12.88176918 13.23546219 13.06991577 12.80663586 13.71680641 13.35872173 7.621415138 8.95701313 
13.48502731 13.79775429 13.00898552 13.27213478 14.32960129 14.5287075 16.06012535 17.49602127 18.23971176 19.17879486 
21.67238998 22.17709351 22.34895325 22.14298058 21.79637146 21.86888313 22.64719772 18.83602333 20.19420052 23.25450325 
23.45281219 23.09421539 22.56212616 19.66745567 18.81686592 21.38588333 22.84117699 23.7861557 23.79275131 23.53124237 
22.56857681 18.97981834 18.98017311 20.03461647 22.25592995 22.40642929 22.56991196 22.60600471 22.38889694 22.10637093 
0 0 0 0 0 0 0 0 0 0 
0 0 0 0 0 0 0 0 0 0 
0 0 0 0 0 0 0 0 0 0 
0 0 0 0 0 0 0 0 0 0 
0 0 0 0 0 0 0 0 0 0 
0 0 0 0 0 0 0 0 0 0 
0 0 0 0 0 0 0 0 0 0 
0 0 0 0 0 0 0 0 0 0 
0 0 0 0 0 0 0 0 0 0 
0 0 0 0 0 0 0 0 0 0 
0 0 0 0 0 0 0 0 0 0 
0 0 0 0 0 0 0 0 0 0 
0 0 0 0 0 0 0 0 0 0 
0 0 0 0 0 0 0 0 0 0 
0 0 0.8497281075 1.261012197 2.444037437 3.472896576 3.573999882 3.573999882 3.573999882 3.573999882 
3.573999882 3.573999882 3.58116436 3.727973938 3.360961437 3.043221951 2.894136429 2.734138489 2.669994593 2.569992304 
2.463047743 2.443729401 2.289357901 2.226675034 2.157193661 2.165093184 2.102735996 2.026702642 2.032916069 1.962325454 
1.432593584 1.134000063 1.134000063 1.134000063 1.134000063 1.134000063 1.134000063 1.134000063 1.671357155 1.458895445 
2.519849539 3.182205677 3.07805872 1.134000063 1.134000063 1.134000063 1.138315439 1.50374198 2.109111786 3.400842667 
3.474291801 3.517709732 3.566841125 3.597344398 3.594736099 3.642394066 3.691951275 3.658188343 3.316025257 1.732767105 
1.134000063 1.481800437 2.315734386 3.912843227 3.980231285 3.98912859 4.180655003 4.313853741 4.407954693 4.602583408 
4.663534641 4.713880539 4.80221796 4.889554977 4.988936424 5.100356102 5.183964729 5.178324699 5.158824921 5.194890499 
5.19102335 5.225479126 5.379565239 5.515218258 5.544415474 5.581215858 5.680111408 5.637458801 5.511623859 5.526919842 
5.750858784 5.832982063 5.926010132 6.04561758 6.264883995 6.385922909 6.759469509 6.71791029 6.808457375 6.905766964 
6.955236435 6.987733364 7.05880022 7.096065044 7.045597076 7.116775036 7.17013073 7.248759747 7.259991646 7.545107841 
7.717256069 7.856106758 7.634671211 7.617722511 7.513319969 7.22298336 7.040025234 7.870845795 8.514140129 9.217638016 
9.593276978 9.577537537 9.284103394 7.252077579 7.09817934 6.936999798 6.936999798 6.935490608 6.935447693 6.968758583 
6.959366798 6.904031277 6.760044575 6.70587492 6.542550087 6.392873764 6.30749464 6.393755913 6.508659363 6.616436005 
6.630009174 13.9066782 12.33462811 7.730946541 9.367646217 11.44286633 11.58289051 12.99082375 12.98680496 14.0445919 
13.8454752 13.06996822 13.38981628 13.5883112 13.15393162 12.25029373 12.2764473 12.32658768 12.7753458 12.54138947 
12.69869041 13.2010746 13.61493874 12.4322567 7.925609589 8.746977806 11.24914074 12.90900993 13.01938534 13.04722881 
14.46584511 16.34394836 17.67033195 18.7450695 19.9838829 22.32675743 22.50296783 22.40305519 22.20492363 22.01984406 
22.17873001 22.81460762 23.20415115 19.28647041 23.33041191 23.66502762 23.2737236 22.69959259 21.79937553 20.36832809 
21.91642189 23.36916733 23.68214035 23.68045998 23.13709831 21.57881355 19.08170509 18.67370033 21.66022301 22.78359985 
22.66910362 22.59654045 22.45968628 22.36979103 21.55279922 0 0 0 0 0 
0 0 0 0 0 0 0 0 0 0 
0 0 0 0 0 0 0 0 0 0 
0 0 0 0 0 0 0 0 0 0 
0 0 0 0 0 0 0 0 0 0 
0 0 0 0 0 0 0 0 0 0 
0 0 0 0 0 0 0 0 0 0 
0 0 0 0 0 0 0 0 0 0 
0 0 0 0 0 0 0 0 0 0 
0 0 0 0 0 0 0 0 0 0 
0 0 0 0 0 0 0 0 0 0 
0 0 0 0 0 0 0 0 0 0 
0 0 0 0 0 0 0 0 0 0 
0 0 0 0 0 0 0 0 0 0 
0 0 0 0 0 0 0 0 1.266639948 2.443172932 
3.377135754 3.573999882 3.573999882 3.573999882 3.573999882 3.629561424 3.815889835 3.638215065 3.419336319 3.304164886 
3.16788435 3.0397439 2.834599018 2.732254028 2.631081104 2.528911352 2.520667791 2.438664436 2.35957551 2.358330727 
2.299548626 2.227193832 2.175515413 2.275330544 2.214377403 2.056423664 2.153060913 1.979387641 1.134000063 1.134000063 
1.14636004 1.134000063 1.134000063 1.134000063 1.134000063 1.411179781 1.877031803 1.134000063 1.134000063 1.134000063 
1.134000063 3.304606915 3.325061798 3.353615761 3.398441792 3.483986378 3.514388561 3.537443638 3.544698715 3.564837933 
3.584108353 3.608440399 3.598982811 3.636396408 3.500574112 3.671306133 2.877389908 2.102959156 1.114663839 1.583747864 
3.891269684 4.086696625 4.285653114 4.363590717 4.484247208 4.590755939 4.684319496 4.791407585 4.901311874 5.000954151 
5.118549824 5.181610584 5.222913265 5.215682983 5.281386852 5.315107346 5.353312016 5.551731586 5.583779335 5.64139986 
5.681641102 5.775849819 5.727257252 5.597036839 5.711514473 5.80107975 5.987834454 6.062170506 6.232387543 6.292026997 
6.385893345 6.49576664 6.597308636 6.727573872 6.884747028 6.901306629 6.935784817 6.936735153 6.936997414 6.973813057 
7.030396461 7.094926834 7.167898178 7.167115688 7.237479687 7.354029179 7.315637589 7.353425503 7.357169628 7.333449364 
6.971057892 6.855157375 7.357337952 8.751469612 9.20526886 9.420952797 9.233795166 8.334229469 7.145678997 7.064827442 
6.936999798 6.936999798 6.936999798 6.936999798 6.966339111 6.968254566 6.948745251 6.936188221 6.869554043 6.74776125 
6.552303791 6.361907959 6.37555027 6.500459671 6.575724125 6.834307194 7.235812664 6.602595329 6.745490551 11.94186592 
13.07514668 11.55825043 10.63531113 11.77660179 13.43819904 13.32625961 12.62939072 13.06404114 12.85832882 12.26915836 
12.61976147 13.03338051 12.60397625 12.23380184 12.97828388 13.03753471 13.2024622 13.59091377 13.54328442 13.33515835 
13.31265545 12.41349888 13.14506912 13.0836401 13.80057812 13.99802208 15.17012691 17.95161629 19.13949203 21.51815796 
22.48353386 22.43984795 22.52638817 22.32695389 22.19297981 22.98200035 23.30489159 23.51775742 17.29058266 16.77233315 
23.29401398 23.30532646 23.2019062 22.61221313 21.91909599 21.14148712 22.66381264 23.55550957 23.52810478 22.33684921 
20.66888046 18.62919998 18.73375511 22.44996834 22.53456879 22.65138245 22.5057621 21.59890938 21.62610435 20.50822449 
0 0 0 0 0 0 0 0 0 0 
0 0 0 0 0 0 0 0 0 0 
0 0 0 0 0 0 0 0 0 0 
0 0 0 0 0 0 0 0 0 0 
0 0 0 0 0 0 0 0 0 0 
0 0 0 0 0 0 0 0 0 0 
0 0 0 0 0 0 0 0 0 0 
0 0 0 0 0 0 0 0 0 0 
0 0 0 0 0 0 0 0 0 0 
0 0 0 0 0 0 0 0 0 0 
0 0 0 0 0 0 0 0 0 0 
0 0 0 0 0 0 0 0 0 0 
0 0 0 0 0 0 0 0 0 0 
0 0 0 0 0 0 0 0 0 0 
0 0 0 0.8688750863 1.259249091 3.453058243 3.573999882 3.573999882 3.573999882 3.708480835 
3.864171982 3.811255932 3.536425591 3.430372715 3.314203739 3.178226471 3.141849041 3.020959854 2.892336369 2.696266651 
2.666696072 2.592520237 2.521810532 2.438771725 2.460377932 2.384316206 2.340149403 2.46519804 2.430440187 2.387120247 
2.324893951 2.589948654 2.409378529 2.266849756 1.598912716 2.381152868 1.769184709 1.195354104 2.230606794 1.134000063 
1.134000063 1.134000063 1.898880124 1.675459146 1.877493024 3.562644005 3.583359241 3.587017536 3.553891659 3.609886169 
3.566960812 3.523884773 3.527378559 3.544259548 3.554445267 3.554317951 3.554019928 3.553539276 3.564435482 3.645195484 
3.660665512 3.703167915 2.945320129 1.899121761 1.441350341 1.33315897 4.003258228 4.147100925 4.297086716 4.424630642 
4.535590649 4.567096233 4.657371521 4.892895699 5.026658535 5.140736103 5.202185631 5.245919704 5.337212563 5.385858536 
5.442749023 5.507493496 5.634484768 5.6507411 5.662302971 5.727090359 5.850568295 5.82941103 5.707181931 5.856131554 
5.946269035 6.092200756 6.299620152 6.323862553 6.350863457 6.421629429 6.550560474 6.604926109 6.643743038 6.758649826 
6.728350639 6.795753002 6.852454662 6.856018066 6.91624403 6.956624031 7.032689095 7.072555065 7.103113174 7.161026478 
7.225131512 7.118089676 7.135572433 7.13494873 6.937438011 6.891076088 6.934742451 7.485173702 8.219758034 8.765291214 
9.243465424 8.576072693 8.031227112 7.252754211 6.930874348 6.950735092 6.936999798 6.936999798 6.936371326 6.969935417 
6.984686375 6.976957798 6.996760845 6.987296581 6.936462879 6.720258713 6.516776562 6.409548283 6.48709774 6.554510593 
6.766914845 6.866772175 8.309660912 12.58505535 12.34330082 14.31622982 10.56295109 8.809512138 9.322411537 11.74026966 
8.691577911 9.02970314 10.54949093 11.40866756 13.03613091 13.02630329 13.02629375 13.02597809 12.31431389 11.91808128 
13.14905071 13.00135899 13.45573616 13.64210606 13.74197388 14.06317139 13.8587389 13.75720787 13.85052204 14.87163067 
15.16635418 15.53254795 15.96489811 19.91268158 21.60037422 22.15482521 21.95946503 22.24588203 22.21748161 22.32016945 
23.17834091 23.44810295 23.49809837 18.71521378 12.53511238 19.63928795 22.09714127 23.51046944 23.066576 22.66638565 
22.95239258 23.15528679 23.25725555 23.39720154 22.16671181 19.07567978 18.00584793 18.76768303 18.80614853 19.15647888 
22.30536079 19.08005714 19.07736206 19.26106071 19.0894146 0 0 0 0 0 
0 0 0 0 0 0 0 0 0 0 
0 0 0 0 0 0 0 0 0 0 
0 0 0 0 0 0 0 0 0 0 
0 0 0 0 0 0 0 0 0 0 
0 0 0 0 0 0 0 0 0 0 
0 0 0 0 0 0 0 0 0 0 
0 0 0 0 0 0 0 0 0 0 
0 0 0 0 0 0 0 0 0 0 
0 0 0 0 0 0 0 0 0 0 
0 0 0 0 0 0 0 0 0 0 
0 0 0 0 0 0 0 0 0 0 
0 0 0 0 0 0 0 0 0 0 
0 0 0 0 0 0 0 0 0 0 
0 0 0 0 0 0 0 0 0.8709613085 1.260751486 
2.721725941 3.581984043 3.573999882 3.573999882 8.884877205 8.596377373 3.861996651 3.707032681 3.61941433 3.366758823 
3.23168087 3.228899002 3.117297649 2.992114067 2.963881016 2.856337547 2.646269321 2.571036816 2.575600147 2.542946815 
2.51174593 2.493524551 2.684723377 2.700973988 2.707378864 2.992945194 2.959545612 2.893697262 2.766778708 2.841547489 
2.746054411 2.724240303 2.717804432 3.294591427 3.549124241 4.907881737 3.844882488 3.976698399 3.836428165 3.664801121 
3.83047533 3.820360661 3.757917404 3.765026569 3.744877338 3.668595314 3.59060955 3.576538086 3.561542034 3.565485477 
3.561126232 3.555141449 3.544448376 3.545597553 3.553797245 3.592477322 3.685315609 3.733474731 3.75958395 2.441859245 
1.262963414 3.943378925 4.02561903 4.25978899 4.364052773 4.453428745 4.548653603 4.643329144 4.773826122 5.034740448 
5.161609173 5.237868786 5.336561203 5.379941463 5.40459013 5.444158554 5.651618958 5.690764904 5.702040672 5.711437225 
5.795816422 5.857941151 5.934904099 6.013857365 6.016428471 6.098945141 6.222201824 6.495621681 6.507062435 6.460409641 
6.486837864 6.698949337 6.717818737 6.682301044 6.698676109 6.678419113 6.749650955 6.800045967 6.8586483 6.907180786 
6.936768532 6.967993259 6.994027138 7.069455147 7.090453148 7.056666851 7.040967941 7.031378746 7.008623123 6.936999798 
6.914845943 7.006216049 7.524812222 8.260275841 8.72862339 8.985066414 8.272504807 7.866854668 7.163450241 6.937261581 
6.946574688 6.936999798 6.936999798 6.975516319 7.017722607 7.019291401 7.015489101 7.033052444 7.011870384 6.988452435 
6.80415678 6.597955704 6.451942444 6.481985569 6.606732845 6.599122047 7.235253811 12.8168869 8.900791168 9.297298431 
10.84707642 6.354888439 6.392607689 6.518166542 7.522780418 6.582208157 6.758729935 8.418107033 9.824221611 12.44378567 
13.02709198 13.02627945 12.5493679 11.73736095 11.77140236 12.33682823 13.07058811 13.41416073 13.54044342 13.02505589 
13.95501232 14.19779968 14.39003086 15.22641373 15.47808933 15.86877537 16.09523773 18.75883484 19.78634834 20.31479645 
21.39744377 21.6873455 21.87923622 21.93547821 22.31799316 22.8128624 23.31396866 23.10872459 15.78727531 13.14770412 
19.2381897 16.17387962 21.10100937 22.59587479 22.82263184 23.17346191 23.23692322 23.27221298 22.23781776 21.26633453 
18.60946083 17.24251366 16.69854927 17.09770584 18.03502464 19.06376839 19.22383308 19.11528397 19.10552025 19.45897675 
0 0 0 0 0 0 0 0 0 0 
0 0 0 0 0 0 0 0 0 0 
0 0 0 0 0 0 0 0 0 0 
0 0 0 0 0 0 0 0 0 0 
0 0 0 0 0 0 0 0 0 0 
0 0 0 0 0 0 0 0 0 0 
0 0 0 0 0 0 0 0 0 0 
0 0 0 0 0 0 0 0 0 0 
0 0 0 0 0 0 0 0 0 0 
0 0 0 0 0 0 0 0 0 0 
0 0 0 0 0 0 0 0 0 0 
0 0 0 0 0 0 0 0 0 0 
0 0 0 0 0 0 0 0 0 0 
0 0 0 0 0 0 0 0 0 0 
0 0 0 0.8752222061 1.152029395 2.760256052 3.586229324 3.573999882 6.935594559 7.620863438 
2.338312149 3.310411453 3.784646511 3.725168228 3.566506386 3.513914585 3.306414604 3.193976402 3.060883045 3.030599117 
2.917363644 2.796491146 2.644805431 2.621598721 2.595552206 2.587360382 2.665807724 2.739038229 2.838798523 2.983239651 
3.241907597 3.261826515 3.293806076 3.58022213 3.371182919 3.153312683 3.102643967 3.491982937 3.642588139 3.757171631 
7.683589935 6.499159336 4.330256939 4.136084557 4.429908276 4.232185364 4.192661285 4.002394676 4.024152756 3.800286293 
3.724398613 3.628183842 3.616528034 3.58936882 3.602782249 3.633045673 3.594950199 3.566262245 3.547119617 3.586811543 
3.596234322 3.62601614 3.666394711 3.764805794 3.368449211 1.142105699 3.921614647 4.013707638 4.147420883 4.339891434 
4.461475849 4.545525074 4.648186684 4.806350231 4.938493252 5.065893173 5.275391579 5.385792732 5.441619396 5.466513157 
5.505071163 5.656428814 5.720235348 5.762574196 5.821257114 5.851563454 5.927458286 6.009805202 6.138562202 6.139476299 
6.265812874 6.625126362 6.747986317 6.758764267 6.635826588 6.737168312 6.822053909 6.899095535 6.842703342 6.922729015 
6.748562813 6.725092411 6.792210579 6.934158802 6.936905384 6.945886135 6.972400188 6.995090961 7.026946068 7.046303272 
7.029392242 7.011400223 6.979831696 6.936999798 6.936999798 6.936999798 6.936999798 7.6431427 8.273650169 8.660725594 
8.657974243 8.414117813 8.000881195 7.091141224 6.936999798 6.944570065 6.936999798 6.936999798 6.936999798 6.972542763 
7.038226128 7.078650475 7.079370499 7.049407959 6.996525288 6.968810081 6.909055233 6.517325878 6.688581944 6.939721107 
6.792566776 6.854473591 6.927376747 6.932986259 6.797440529 6.847968102 5.187041759 4.942817211 5.289776325 7.332447529 
5.75911808 6.460087776 7.696200848 7.874541759 11.09281731 12.86003017 12.7223177 11.41405487 12.00148392 12.5381012 
13.00465107 13.07676792 13.16168785 13.22549057 13.0258379 13.69193935 14.60103989 15.58936787 15.86184406 15.94025135 
15.77332497 18.66155624 19.21317863 19.27448845 19.88678741 20.34263992 20.98248672 21.42634773 21.50671959 22.11527443 
22.51644325 22.89043045 18.75008011 13.70415211 11.12834644 10.75750828 14.58483601 14.09942627 18.88766289 21.71135139 
22.92646408 23.26902008 23.07346725 22.43784332 20.55216408 18.66900444 21.77000427 14.15320206 14.25311184 18.95334816 
19.29022217 19.47469139 19.51268959 19.30939674 19.85407829 0 0 0 0 0 
0 0 0 0 0 0 0 0 0 0 
0 0 0 0 0 0 0 0 0 0 
0 0 0 0 0 0 0 0 0 0 
0 0 0 0 0 0 0 0 0 0 
0 0 0 0 0 0 0 0 0 0 
0 0 0 0 0 0 0 0 0 0 
0 0 0 0 0 0 0 0 0 0 
0 0 0 0 0 0 0 0 0 0 
0 0 0 0 0 0 0 0 0 0 
0 0 0 0 0 0 0 0 0 0 
0 0 0 0 0 0 0 0 0 0 
0 0 0 0 0 0 0 0 0 0 
0 0 0 0 0 0 0 0 0 0 
0 0 0 0 0 0 0 0 0 1.130270243 
2.615211487 3.631493568 3.922123432 8.188649178 13.44174671 3.196331501 12.32308769 4.139614105 3.657457829 3.586821556 
3.558372021 3.466135979 3.365864754 3.201104641 3.082046509 2.980244637 2.853985786 2.830968142 2.740919113 2.613207579 
2.607711792 2.704819202 2.813677073 2.938995361 3.253537178 3.39868021 3.621174812 3.644343376 3.891530991 3.618206501 
3.290635109 3.200667381 3.523250103 4.223431587 7.109681129 6.893442154 6.173893452 5.279018879 4.991715431 5.035891056 
4.793572903 4.535434723 4.569396496 4.269629955 4.036524773 3.862147808 3.752346516 3.651429176 3.640463829 3.639890194 
3.685846329 3.705733299 3.684616566 3.670211315 3.635486126 3.624887943 3.634413719 3.66772747 3.714220524 3.763532639 
1.606004596 3.939439774 4.008568287 4.155008316 4.248068333 4.357550621 4.566689014 4.680570602 4.857747555 4.969387054 
5.09428215 5.282479286 5.373571873 5.516075611 5.538402557 5.638560772 5.695747375 5.777398586 5.801407814 5.851006508 
5.917418003 5.993815422 6.134047031 6.189180851 6.252505302 6.329897404 6.572979927 6.898661137 6.899477482 6.937432289 
6.891941547 6.863671303 6.855214596 6.936999798 6.936999798 6.920325756 6.792333126 6.847934723 6.899964333 6.938345432 
6.96756649 6.983537197 6.992278576 7.02634573 7.010187149 7.011695385 7.003694534 6.957903385 6.936999798 6.936999798 
6.936999798 7.108345985 7.339576721 8.258323669 8.579283714 8.364619255 8.00832653 7.612945557 6.936999798 6.966070652 
6.942790508 6.936999798 6.936999798 6.936999798 6.971265316 7.012000561 7.049545288 7.115779877 7.095108986 7.096657753 
7.016504288 6.962303638 6.815711975 6.777864933 7.473266125 7.251896858 7.170212269 7.638127327 7.56889677 6.963701248 
5.559481144 4.948419571 4.490643978 6.208023548 16.66556931 7.619463921 5.277163029 6.834878445 6.095142365 7.181201935 
9.185377121 8.499284744 11.23828316 12.86557102 13.02704144 12.59624672 12.72245216 12.98365974 16.63395691 13.97902107 
14.84636784 15.3796196 15.26776123 13.28130722 13.9691124 14.53385448 15.79445171 16.08205223 18.99117661 19.83550262 
20.22808647 20.62716866 20.88305855 20.67238617 20.78819656 22.08112144 17.74668694 13.89693356 11.58119297 14.533741 
23.29511642 23.27842712 22.0306797 18.40479469 21.60996628 21.83038712 22.60350418 23.07554245 22.36379433 21.1586132 
19.82777977 21.07948494 16.93749809 12.25961494 19.14910316 19.39468002 19.53705406 19.68201256 19.86564064 19.91337013 
0 0 0 0 0 0 0 0 0 0 
0 0 0 0 0 0 0 0 0 0 
0 0 0 0 0 0 0 0 0 0 
0 0 0 0 0 0 0 0 0 0 
0 0 0 0 0 0 0 0 0 0 
0 0 0 0 0 0 0 0 0 0 
0 0 0 0 0 0 0 0 0 0 
0 0 0 0 0 0 0 0 0 0 
0 0 0 0 0 0 0 0 0 0 
0 0 0 0 0 0 0 0 0 0 
0 0 0 0 0 0 0 0 0 0 
0 0 0 0 0 0 0 0 0 0 
0 0 0 0 0 0 0 0 0 0 
0 0 0 0 0 0 0 0 0 0 
0 0 0 0 0.8768745065 1.077816248 4.018670082 5.972146988 10.97733593 13.49054909 
3.839993477 13.6054945 9.029446602 3.641610146 3.751408577 3.676843643 3.548241138 3.444013119 3.383752823 3.141691208 
3.031805992 2.945168972 2.863128185 2.772801399 2.683773279 2.665032864 2.732216835 2.855711937 3.039942741 3.353190422 
3.540312767 3.673788071 3.884535313 3.885324478 3.52368927 3.361584663 3.600594997 3.718910694 4.135020256 7.093424797 
6.350432873 5.915505409 5.548648834 5.909954548 5.978881836 5.964927673 5.020785809 4.826321602 4.548982143 4.270558834 
4.26125288 4.055971622 3.798955917 3.679918766 3.711155415 3.711476803 3.753790855 3.81420517 3.885498047 3.753423214 
3.662433624 3.678168297 3.691514015 3.722176552 3.764446735 3.515418053 3.926950455 4.016589165 4.154741287 4.249139309 
4.355084896 4.479542732 4.637329578 4.89978981 5.01846838 5.139277935 5.341242313 5.446601868 5.520883083 5.644113541 
5.711565495 5.766522408 5.815581322 5.928880692 5.928597927 5.946343899 5.976233959 6.175974846 6.234333515 6.32467556 
6.4939785 6.613519192 6.787768841 6.936999798 6.948036671 6.957946777 6.939490795 6.936999798 6.943357944 6.950525761 
6.936999798 6.936999798 6.937344551 6.909419537 6.936840534 6.953422546 6.976981163 6.99853611 6.996967316 6.988422394 
6.981600285 6.971429348 6.940387249 6.937837601 6.936999798 6.936999798 6.969542503 7.263477325 7.768072128 8.083345413 
8.101895332 7.706017017 7.234727859 6.936999798 6.955307484 6.936999798 6.938694954 6.936999798 6.936999798 6.967568398 
6.978185177 7.013850212 7.083209038 7.11817503 7.115808487 7.096931934 7.021294594 7.010044098 6.942798615 6.697235584 
8.273989677 9.269519806 9.595016479 7.535665035 6.937371731 4.569568634 5.105936527 10.20272064 21.07058144 17.90028381 
12.51893711 10.95339489 14.90365601 11.05155563 6.218901634 6.951522827 8.382724762 12.97271156 13.06443977 9.881137848 
12.01090527 12.9253397 16.0233078 15.98132801 15.37705326 15.38129044 13.07454395 13.03744888 12.88579369 13.41919136 
16.3353672 15.87660789 16.07006073 16.91733551 19.79695892 20.05245399 20.33351326 19.90346527 20.34826469 19.13887978 
19.39448929 13.61262226 11.55044174 13.69324875 22.46347237 21.44613457 21.28313065 22.88768196 22.20931435 22.3880825 
22.4221077 22.90087891 22.98227882 23.05058861 21.9489727 18.44926071 17.97008705 12.99052334 12.82910919 19.07840919 
19.32341957 19.59187889 19.79846764 19.9483223 20.14068985 0 0 0 0 0 
0 0 0 0 0 0 0 0 0 0 
0 0 0 0 0 0 0 0 0 0 
0 0 0 0 0 0 0 0 0 0 
0 0 0 0 0 0 0 0 0 0 
0 0 0 0 0 0 0 0 0 0 
0 0 0 0 0 0 0 0 0 0 
0 0 0 0 0 0 0 0 0 0 
0 0 0 0 0 0 0 0 0 0 
0 0 0 0 0 0 0 0 0 0 
0 0 0 0 0 0 0 0 0 0 
0 0 0 0 0 0 0 0 0 0 
0 0 0 0 0 0 0 0 0 0 
0 0 0 0 0 0 0 0 0 0 
0 0 0 0 0 0 0 0 0 0.8957701921 
1.199703813 4.049248695 4.960886002 12.39943409 13.8794508 4.10615921 8.492427826 17.48960304 9.302700043 9.773266792 
3.767076015 3.633780003 3.527545452 3.40277195 3.281178474 3.178864956 3.009157181 2.901826859 2.803497553 2.713748455 
2.694269657 2.690608978 2.755623102 3.082475662 3.364304066 3.641728401 3.7576828 4.170492172 3.880307198 3.721938133 
3.542264462 3.744170189 3.825974464 6.933879852 6.930784702 6.544843674 5.879283905 5.747601986 6.498739243 6.722895622 
6.792643547 6.481210709 5.875856876 4.822970867 4.535020828 4.402667999 4.065306664 3.848965645 3.731804371 3.803852081 
3.756667614 3.788683891 3.881307602 3.8835392 3.877156258 3.79614687 3.729102135 3.699856758 3.735035419 3.785263538 
3.378824711 2.020016193 3.923446178 4.168058395 4.28224659 4.379703522 4.51224947 4.687866688 4.818883419 4.964251518 
5.267444611 5.412399769 5.510131836 5.588492393 5.737097263 5.783731937 5.8219347 5.900915623 6.021519184 6.01237011 
6.023918152 6.110215187 6.158985615 6.265745163 6.362679958 6.487108231 6.608323097 6.725438595 6.843039989 6.92959547 
6.952406406 6.939930439 6.936999798 6.946966171 6.94641304 6.936999798 6.936999798 6.936999798 6.936999798 6.950300694 
6.967065334 6.980453491 6.993911743 6.987083912 6.958647728 6.945930004 6.937583923 6.936999798 6.936999798 6.936999798 
6.936999798 6.968841553 7.235247612 7.702894211 7.973324776 8.048347473 7.922273159 6.936999798 6.936999798 6.964608669 
6.936999798 6.936999798 6.936999798 6.936999798 6.94666338 6.956150532 6.993509769 7.052172184 7.041999817 7.093135834 
7.117920876 7.097534657 7.077276707 7.011510372 6.806889534 6.859380722 8.162942886 11.32727432 9.70898819 13.52664375 
6.37632513 5.317526817 8.153808594 12.56822491 13.77111149 13.59572601 12.91011333 18.93370438 16.19103432 9.967545509 
11.60378265 8.389748573 13.06857109 11.02678394 11.98939896 14.88657093 17.20869064 11.42336178 11.91152859 14.70252037 
13.55999088 10.4356451 12.42535114 14.66253662 17.11587524 17.1037426 16.16141129 16.15014076 19.64530754 19.31229973 
19.3315773 19.97025871 18.70495415 19.53018188 16.33019638 11.11226273 12.32374382 10.14618111 13.38133717 14.87537289 
18.56866455 18.67688179 22.15130997 16.59766388 21.38547897 23.14614296 22.29714775 21.99576378 22.9561615 22.24438095 
17.8499794 14.9013567 12.48604393 13.41244698 16.70025826 19.19991112 19.3149395 19.145998 19.70822334 20.15421104 
0 0 0 0 0 0 0 0 0 0 
0 0 0 0 0 0 0 0 0 0 
0 0 0 0 0 0 0 0 0 0 
0 0 0 0 0 0 0 0 0 0 
0 0 0 0 0 0 0 0 0 0 
0 0 0 0 0 0 0 0 0 0 
0 0 0 0 0 0 0 0 0 0 
0 0 0 0 0 0 0 0 0 0 
0 0 0 0 0 0 0 0 0 0 
0 0 0 0 0 0 0 0 0 0 
0 0 0 0 0 0 0 0 0 0 
0 0 0 0 0 0 0 0 0 0 
0 0 0 0 0 0 0 0 0 0 
0 0 0 0 0 0 0 0 0 0 
0 0 0 0 0.8987367749 1.216513753 3.711999893 4.894387722 6.232894421 6.538480759 
13.50177097 6.031639099 12.78778934 9.710660934 17.23694611 6.29227829 3.656419277 3.548110962 3.44103241 3.32573843 
3.288099766 3.195199966 3.070528507 2.853442669 2.797020912 2.736138105 2.73446846 2.78781414 2.967655659 3.148582458 
3.789247513 4.232896328 4.64659214 3.847830296 3.757259369 3.368309975 3.705326557 6.557563782 6.931228638 6.608464241 
6.367136955 6.218780994 6.722466946 7.404149532 8.000404358 7.099852085 6.55582428 6.087817192 5.536591053 5.294249535 
4.479489803 4.164503098 3.945224285 3.892246723 3.875195503 3.863111496 3.825945377 3.882221222 4.019370079 3.884019375 
3.797291756 3.737478256 3.717372894 3.749080658 3.794600487 3.318914413 2.449657679 3.944721699 4.043169498 4.207887173 
4.425364971 4.617044449 4.752292156 4.901200771 5.047983646 5.246554375 5.366634846 5.589623928 5.704789162 5.798134804 
5.859413147 5.905480862 6.054823399 6.083061695 6.098361969 6.100509167 6.183123112 6.209596157 6.255612373 6.352766991 
6.539355278 6.650943756 6.762560844 6.838049412 6.930501938 6.936999798 6.936887264 6.936999798 6.936999798 6.942386627 
6.936999798 6.936999798 6.936999798 6.936999798 6.951642513 6.965477467 6.986223221 6.975346565 6.965742588 6.954838753 
6.937187672 6.936999798 6.936999798 6.936999798 6.936999798 6.936999798 6.936999798 7.206409931 7.556029797 7.781271458 
7.784540653 7.620273113 6.989724636 6.936999798 6.936999798 6.936999798 6.936999798 6.936999798 6.945300102 6.936999798 
6.942873955 6.959757805 7.000986099 6.995049 7.03123951 7.076352119 7.044957161 7.070083141 7.051558971 6.959036827 
6.955300808 6.937583447 9.206512451 11.74661446 14.05906868 7.519334793 5.334087372 4.858177662 6.611852646 8.235032082 
10.87395 12.65381813 17.97646332 22.20579147 23.26314735 19.20877647 5.554916859 6.888116837 14.71286488 16.40383911 
14.67294121 11.91892147 9.851612091 11.47071075 9.290323257 15.7789011 16.95682716 16.67179489 16.5673542 17.07531738 
17.49606133 17.80106163 18.60820389 19.49814606 19.34284782 17.91010284 17.70808792 16.7506752 12.47930336 12.51100826 
9.133203506 9.349876404 9.026673317 9.774672508 12.17005253 14.06538105 13.68525219 11.95705414 11.55182171 12.47187614 
18.56586647 18.96080208 22.29900932 22.16354179 18.03122711 14.65474606 13.13309479 12.77677155 19.32056236 18.59309006 
18.58120728 19.02565193 18.98412132 19.11456299 19.18821335 0 0 0 0 0 
0 0 0 0 0 0 0 0 0 0 
0 0 0 0 0 0 0 0 0 0 
0 0 0 0 0 0 0 0 0 0 
0 0 0 0 0 0 0 0 0 0 
0 0 0 0 0 0 0 0 0 0 
0 0 0 0 0 0 0 0 0 0 
0 0 0 0 0 0 0 0 0 0 
0 0 0 0 0 0 0 0 0 0 
0 0 0 0 0 0 0 0 0 0 
0 0 0 0 0 0 0 0 0 0 
0 0 0 0 0 0 0 0 0 0 
0 0 0 0 0 0 0 0 0 0 
0 0 0 0 0 0 0 0 0 0 
0 0 0 0 0 0 0 0 0 0 
1.758759737 3.373930454 4.930554867 6.558586597 8.629056931 8.749130249 6.936401844 4.133188248 7.730446815 19.54307365 
18.42722511 7.019172668 3.674008846 3.494474888 3.387485504 3.366915226 3.243024826 3.114453316 3.04542017 2.961124897 
2.793403149 2.776044369 2.858481884 2.974177361 3.180865765 3.539498806 3.870214462 5.69846344 6.484996319 7.25680685 
3.489582062 3.525750637 6.047398567 6.742078781 6.66684103 6.808593273 6.811695099 7.76233387 6.943275452 8.529055595 
7.223831177 6.614204884 6.220789909 5.743786335 5.492525578 5.068057537 4.621109009 4.288755894 4.117528439 4.043839455 
3.972974777 4.190649033 4.145737648 4.073973656 3.882924557 3.809458256 3.748837948 3.734356403 3.754528522 3.76391983 
3.280513287 2.76258564 3.961895466 4.065306664 4.230835438 4.350162983 4.577232361 4.884811878 5.013766289 5.293784618 
5.372821808 5.466086388 5.561028957 5.696478844 5.863843918 5.949514866 6.104009628 6.171895504 6.199404716 6.217480183 
6.256017208 6.254832268 6.281632423 6.312402725 6.407376289 6.473674297 6.635667801 6.936736107 6.904652119 6.900805473 
6.936999798 6.936999798 6.936999798 6.936999798 6.936999798 6.936999798 6.936999798 6.936999798 6.950829983 6.957633495 
6.95671463 6.971227169 6.946382999 6.954751015 6.943958759 6.936999798 6.936999798 6.936999798 6.936999798 6.936999798 
6.936999798 6.936999798 6.969816685 7.138127804 7.611618042 7.570120811 7.212245941 6.936999798 6.936999798 6.936999798 
6.936999798 6.936999798 6.936999798 6.936999798 6.936999798 6.936999798 6.947009087 6.936999798 6.954681873 6.964229584 
7.004177094 6.939628601 6.989488602 7.046825409 7.056545258 7.036651611 6.878864288 7.70654583 10.33693695 13.98891544 
12.80845356 5.431716919 7.252963543 6.995512962 8.223101616 11.70763779 16.92277718 20.96395111 22.81653595 22.73461914 
20.7910862 5.996629715 4.898328304 7.745768547 13.85647106 10.15156937 11.33750916 15.78988743 16.81983757 17.9437561 
16.25178528 17.65993118 16.92712975 15.72302628 16.55907249 17.32676315 17.8553524 18.32114983 19.39406204 19.25568771 
17.30094719 14.52264595 13.25965118 11.00527573 8.358567238 8.198658943 8.197772026 8.566332817 19.92008781 15.73682594 
10.7374239 15.02144241 10.69200897 9.706949234 10.08935642 11.57108498 12.50061512 12.97585201 17.74726868 12.54571247 
12.66544151 12.12775135 16.65823746 16.27018929 18.41256142 20.02024841 22.03865814 22.30987549 22.5796833 21.91377258 
0 0 0 0 0 0 0 0 0 0 
0 0 0 0 0 0 0 0 0 0 
0 0 0 0 0 0 0 0 0 0 
0 0 0 0 0 0 0 0 0 0 
0 0 0 0 0 0 0 0 0 0 
0 0 0 0 0 0 0 0 0 0 
0 0 0 0 0 0 0 0 0 0 
0 0 0 0 0 0 0 0 0 0 
0 0 0 0 0 0 0 0 0 0 
0 0 0 0 0 0 0 0 0 0 
0 0 0 0 0 0 0 0 0 0 
0 0 0 0 0 0 0 0 0 0 
0 0 0 0 0 0 0 0 0 0 
0 0 0 0 0 0 0 0 0 0 
0 0 0 0 0 0.9389225245 1.782361627 4.991461277 6.643718243 10.63967228 
7.608370781 10.12454605 12.81160069 15.05741882 13.91573524 18.78227425 3.248704433 3.718928814 3.646019459 3.691877365 
3.402417183 3.285533905 3.150192738 3.090979576 2.986374855 2.877889156 2.814917803 2.859120369 2.982187271 3.192984104 
3.462482452 3.683598518 3.983479023 5.617472649 7.402943134 6.987294197 3.713670731 11.50866985 9.505393982 6.896815777 
9.049375534 14.27690697 13.36976528 10.68157578 9.544104576 9.981963158 8.248710632 6.411635399 6.086417675 5.6951437 
5.353600502 4.813292027 4.816883087 4.587250233 4.302018642 4.240206718 4.525912285 4.448468208 4.352036476 4.247638226 
3.875445366 3.775018215 3.754394054 3.775348663 3.778736591 3.796929836 3.829687595 3.982009888 4.091676235 4.284734726 
4.513404846 4.691122055 4.879732609 5.033157825 5.411707401 5.491025448 5.559386253 5.709102154 5.76855135 5.845138073 
5.944103718 6.175843716 6.254903316 6.289952278 6.295220375 6.338763237 6.330019474 6.367722511 6.499945164 6.50896883 
6.585063934 6.730393887 6.812504292 6.931619644 6.922886372 6.905917645 6.936749935 6.932345867 6.936999798 6.92628336 
6.936999798 6.936999798 6.936999798 6.93973732 6.953007698 6.951406956 6.938092709 6.936999798 6.936999798 6.936999798 
6.936999798 6.936999798 6.936999798 6.936999798 6.936999798 6.936999798 6.936999798 6.960897923 7.106477737 7.363863945 
7.468279839 7.049436092 6.936999798 6.936999798 6.936999798 6.936999798 6.936999798 6.936999798 6.936999798 6.936999798 
6.936999798 6.936999798 6.936999798 6.936999798 6.936999798 6.936999798 6.936999798 6.936999798 6.959750175 6.994070053 
6.981363773 7.005766392 7.000631332 7.709287167 10.01540184 10.08185959 12.57130623 14.89369774 6.519060135 8.309524536 
11.23942947 16.08971024 20.18006516 17.57572365 19.37698364 17.31819153 7.48448801 8.911299706 7.714590549 9.181866646 
10.47385025 9.456374168 11.50869751 14.46315384 9.780818939 10.96481705 12.19289875 12.95611382 15.66756725 16.15897751 
16.55669403 16.55138969 18.682827 19.06778145 19.53936195 12.34390736 10.18135262 9.280410767 8.49232769 9.57369709 
12.75736904 14.28630543 17.83824348 20.86397171 22.66678238 21.23494148 22.63371277 22.14015007 19.29083633 15.04786873 
15.51530457 11.96487522 11.566432 16.54564095 15.7252655 15.90624046 16.85951996 20.61212921 19.29162407 19.65196419 
20.61855698 21.30456352 21.9173336 22.20591927 22.12523651 0 0 0 0 0 
0 0 0 0 0 0 0 0 0 0 
0 0 0 0 0 0 0 0 0 0 
0 0 0 0 0 0 0 0 0 0 
0 0 0 0 0 0 0 0 0 0 
0 0 0 0 0 0 0 0 0 0 
0 0 0 0 0 0 0 0 0 0 
0 0 0 0 0 0 0 0 0 0 
0 0 0 0 0 0 0 0 0 0 
0 0 0 0 0 0 0 0 0 0 
0 0 0 0 0 0 0 0 0 0 
0 0 0 0 0 0 0 0 0 0 
0 0 0 0 0 0 0 0 0 0 
0 0 0 0 0 0 0 0 0 0 
0 0 0 0 0 0 0 0 0 0 
0.9526259303 1.834522843 3.400320053 5.252474785 10.16948509 8.25784111 11.2400732 13.01323986 12.99760342 16.16824913 
11.90417576 10.78301334 3.846785069 3.765313625 3.748998165 3.53453064 3.400603294 3.214230061 3.110500336 3.002597332 
2.885735035 2.765608311 2.751104355 2.812668562 3.181948185 3.389580727 3.560745239 3.70508194 3.667877197 3.779038429 
8.738674164 9.935258865 13.73783207 13.16555119 11.15048599 12.49140167 17.24445915 17.27860832 12.36986256 12.24921417 
11.40603542 11.34161949 6.976852894 6.52852726 5.834867477 5.5554986 5.411175728 5.226157665 5.002037048 4.805048943 
4.942513466 4.738900661 4.626342297 4.500484943 4.365321159 4.188522816 3.988107204 3.797082901 3.778660774 3.790150642 
3.809013367 3.830020428 3.887967587 3.992134571 4.396017551 4.602972031 4.808909416 5.015744209 5.365795135 5.455493927 
5.538707256 5.648240566 5.777091503 5.824041843 5.890451908 6.047924519 6.123380184 6.30907774 6.350473881 6.419496059 
6.408798218 6.414897919 6.451666832 6.666631222 6.65060997 6.643220901 6.739415169 6.794960022 6.865148544 6.931615353 
6.925123692 6.931378365 6.936999798 6.936999798 6.936999798 6.936999798 6.926065922 6.936999798 6.936999798 6.936999798 
6.939636707 6.936999798 6.936999798 6.936999798 6.936999798 6.936999798 6.936999798 6.936999798 6.936999798 6.936999798 
6.936999798 6.936999798 6.96231699 7.033059597 7.263936996 7.155985355 7.067997932 6.962142944 6.936999798 6.936999798 
6.936999798 6.936999798 6.936999798 6.936999798 6.936999798 6.936999798 6.936999798 6.936999798 6.936999798 6.936999798 
7.030754566 6.963238239 6.936830044 7.045979977 6.977439404 6.97702837 7.020539284 7.073959351 6.997204304 10.145401 
10.02237797 9.982609749 13.37268829 13.02065182 13.09406281 8.403944016 10.41625023 13.23825645 14.58510208 13.73777676 
16.00426865 17.94258118 11.50824738 7.349804401 7.105631351 9.379759789 10.97811413 10.69600964 9.625226021 10.06974697 
11.67339802 13.84994888 16.51298332 16.20611954 16.0904541 15.96463585 18.1041317 19.46288872 19.51909447 19.82964706 
17.41822433 11.9752512 8.866072655 9.952688217 13.73656845 14.73143387 15.76348495 18.27126312 21.26856804 22.59796143 
21.96685028 21.27326012 20.51614761 21.64850044 21.41198921 17.86650085 15.48356915 15.81215668 21.43323135 20.82280731 
20.37513542 21.68301582 20.99521828 20.1135807 20.23019409 20.45412254 20.92116165 21.3050251 21.6060257 21.53981209 
0 0 0 0 0 0 0 0 0 0 
0 0 0 0 0 0 0 0 0 0 
0 0 0 0 0 0 0 0 0 0 
0 0 0 0 0 0 0 0 0 0 
0 0 0 0 0 0 0 0 0 0 
0 0 0 0 0 0 0 0 0 0 
0 0 0 0 0 0 0 0 0 0 
0 0 0 0 0 0 0 0 0 0 
0 0 0 0 0 0 0 0 0 0 
0 0 0 0 0 0 0 0 0 0 
0 0 0 0 0 0 0 0 0 0 
0 0 0 0 0 0 0 0 0 0 
0 0 0 0 0 0 0 0 0 0 
0 0 0 0 0 0 0 0 0 0 
0 0 0 0 0 0.9750329852 1.937821984 3.982456207 5.56946373 7.363427639 
8.574116707 10.35425186 7.612130165 8.491790771 18.7611351 19.06937218 20.86067772 7.698412895 4.405955791 3.573233604 
3.459990501 3.396814823 3.336362839 3.212012291 2.976725101 2.780501842 2.721392155 2.695076942 2.790033102 2.907662392 
3.121284485 3.53161335 3.618963242 3.701693058 3.474389076 5.222546101 6.920765877 12.10755157 13.32954597 13.80830956 
15.64286327 18.05789948 19.49989891 19.38089371 13.9202919 13.27489853 12.88230133 6.28092432 6.37252903 6.14827776 
5.953758717 5.670640469 5.47864151 5.286235809 5.428667068 5.266683578 5.117043972 4.780310154 4.800573826 4.534407139 
4.333415985 4.134930134 3.952689171 3.805545807 3.789266586 3.802025795 3.820032597 3.877533436 3.992799282 4.19758606 
4.517727852 5.057983398 5.265450478 5.561338425 5.606950283 5.652048111 5.775120735 5.804050922 5.895127773 5.957516193 
6.07624054 6.144699574 6.234968185 6.327421665 6.47349453 6.540133476 6.579073906 6.748693466 6.836583138 6.84245491 
6.775017738 6.785934925 6.863847256 6.887605667 6.885588169 6.90042305 6.902698517 6.937207699 6.936999798 6.936999798 
6.936999798 6.936999798 6.936999798 6.936999798 6.936999798 6.936999798 6.936999798 6.936999798 6.936999798 6.936999798 
6.936999798 6.936999798 6.936999798 6.936999798 6.936999798 6.936999798 6.936999798 6.936999798 6.968369484 7.159691811 
7.079493523 6.963291645 6.936999798 6.936999798 6.936999798 6.936999798 6.936999798 6.936999798 6.936999798 6.936999798 
6.936999798 6.992254257 7.009832859 7.038551331 7.190151215 7.178762913 7.146782875 7.115193844 7.115386486 7.024300098 
6.990996361 7.182357788 7.171149731 7.115698814 7.04090929 8.64840889 10.00829601 9.997198105 11.27971363 10.13156033 
10.82251167 8.705533981 11.85292149 11.88817596 12.01873398 12.45465469 19.82113457 19.20290565 20.19968987 10.54241848 
19.81236839 20.34541893 10.63179684 20.50003052 20.57890701 9.993932724 15.64153481 16.54597855 16.80998802 16.74233246 
17.47159386 18.3823719 19.75555229 19.91618729 18.84390259 15.82710171 13.28682137 9.426828384 11.27136993 11.54637623 
12.38819408 17.1482048 19.51942253 20.60354805 21.24394035 20.41014481 19.25992584 19.05179405 20.17588234 19.16674995 
17.84337044 18.70668411 20.72952843 21.54380417 21.88019371 21.92183113 21.66186333 21.37756157 20.62255478 19.30155945 
19.66223907 20.38401985 20.81886864 20.78528786 20.85786057 0 0 0 0 0 
0 0 0 0 0 0 0 0 0 0 
0 0 0 0 0 0 0 0 0 0 
0 0 0 0 0 0 0 0 0 0 
0 0 0 0 0 0 0 0 0 0 
0 0 0 0 0 0 0 0 0 0 
0 0 0 0 0 0 0 0 0 0 
0 0 0 0 0 0 0 0 0 0 
0 0 0 0 0 0 0 0 0 0 
0 0 0 0 0 0 0 0 0 0 
0 0 0 0 0 0 0 0 0 0 
0 0 0 0 0 0 0 0 0 0 
0 0 0 0 0 0 0 0 0 0 
0 0 0 0 0 0 0 0 0 0 
0 0 0 0 0 0 0 0 0 0 
0.9342052937 1.944545388 4.353390694 5.716480255 9.168968201 6.638289452 7.295539856 14.04701805 14.69059944 13.71506405 
21.92505074 17.46307945 12.42988491 4.056313992 3.595124245 3.435326576 3.481130123 3.366713524 3.196016788 3.058051586 
2.813765049 2.66435957 2.670035124 2.753739357 2.886244774 3.103150845 3.366878986 3.771740913 4.356791496 5.997929573 
7.004890442 6.984633446 7.679444313 9.647478104 11.24578476 14.4748745 17.39027214 19.62010956 15.02140331 17.05513763 
19.40850067 15.34784317 6.476567268 6.401476383 6.193591595 6.226075649 6.093767643 5.942641258 5.618650436 5.872709274 
5.705310345 5.480399609 5.196059227 5.199553013 4.690034866 4.453112602 4.32008934 3.944841385 3.880296707 3.87322855 
3.793542862 3.814826488 3.877772808 4.067765713 4.250793934 4.691103935 5.06540823 5.566649437 5.747929096 5.743008614 
5.756221771 5.877503872 5.91579628 5.952349186 5.982309341 5.992228985 5.954610348 6.110252857 6.12582159 6.405243874 
6.702869415 6.770001888 6.818398476 6.913177967 6.952586174 6.929213524 6.875346661 6.833762169 6.926351547 6.90696907 
6.906999111 6.898825169 6.903969765 6.904364586 6.897500515 6.936999798 6.936999798 6.936999798 6.936999798 6.936999798 
6.936999798 6.936999798 6.936999798 6.936999798 6.936999798 6.936999798 6.936999798 6.936999798 6.936999798 6.936999798 
6.936999798 6.936999798 6.936999798 6.936999798 6.967737198 6.950950623 6.936999798 6.936999798 6.936999798 6.936999798 
6.936999798 6.936999798 6.936999798 6.936999798 6.952934265 7.032160282 7.121098995 7.139807224 7.174076557 7.306201935 
7.294215202 7.281393528 7.373810291 7.33315134 7.250659466 7.165957451 7.358504295 7.316720486 7.237540245 7.418358803 
7.387164116 7.382426262 9.840165138 7.743834972 10.90599728 11.11957645 10.01130009 9.988628387 11.19080925 11.9873724 
20.71544647 17.22377396 15.36184025 12.87023067 12.68999767 20.62142754 14.90017986 14.31307697 20.90761948 24.28040123 
16.96283722 11.05865002 16.30579185 16.62340736 16.97245789 16.64664268 17.42098999 18.64108658 18.72113991 19.5170269 
13.91727448 9.811759949 8.718859673 10.31994629 10.97936344 14.29697895 17.28118515 19.18090439 20.74767303 13.37419605 
14.68674564 13.29527664 19.08633995 18.5969162 15.78491116 16.94491386 19.23529053 19.47929764 19.97489357 21.40078163 
21.01281166 20.08547401 19.44090271 18.41308403 17.58125877 19.42931747 20.05012321 20.32146645 20.41391754 20.28998756 
0 0 0 0 0 0 0 0 0 0 
0 0 0 0 0 0 0 0 0 0 
0 0 0 0 0 0 0 0 0 0 
0 0 0 0 0 0 0 0 0 0 
0 0 0 0 0 0 0 0 0 0 
0 0 0 0 0 0 0 0 0 0 
0 0 0 0 0 0 0 0 0 0 
0 0 0 0 0 0 0 0 0 0 
0 0 0 0 0 0 0 0 0 0 
0 0 0 0 0 0 0 0 0 0 
0 0 0 0 0 0 0 0 0 0 
0 0 0 0 0 0 0 0 0 0 
0 0 0 0 0 0 0 0 0 0 
0 0 0 0 0 0 0 0 0 0 
0 0 0 0 0 0 0.929156661 4.699996471 6.01041317 9.168963432 
7.156959057 8.484430313 12.90561104 11.30069637 2.967193604 15.89576626 20.30016708 18.46261597 13.19635868 3.97497654 
3.704128265 3.556601048 3.351772785 3.123327255 2.826652527 2.724051714 2.64089036 2.613577127 2.701145172 2.865003586 
3.086794853 3.402906418 3.769712925 3.922275543 8.22585392 9.350990295 9.005994797 8.666854858 8.437241554 5.647883892 
6.036101818 11.99872112 13.07057858 13.09180832 16.68251991 18.51983833 16.16249275 14.08375072 6.656936169 6.417405605 
6.495281696 6.359313488 6.301481724 6.531059742 6.218027115 5.967214108 5.80413723 5.638646603 5.358076572 5.09487772 
4.849989891 4.45005846 4.130493641 4.064816952 3.924621105 3.776479721 3.795490742 3.819629192 4.051312447 4.369067192 
4.951868534 6.094525337 6.04763937 5.968472481 5.915166378 5.972873688 5.971031189 5.977802753 5.975567341 5.886776924 
5.822518349 5.641059399 4.435120583 5.443409443 6.752932072 6.933259487 6.947844982 6.94445467 6.94332695 6.969815731 
6.965141296 6.923233032 6.86000824 6.883086681 6.892452717 6.909346581 6.909666061 6.885798454 6.885193825 6.903794765 
6.900892258 6.935245037 6.936999798 6.936999798 6.936999798 6.936999798 6.936999798 6.936999798 6.936999798 6.936999798 
6.936999798 6.936999798 6.936999798 6.936999798 6.936999798 6.936999798 6.936999798 6.936999798 6.936999798 6.936999798 
6.936999798 6.936999798 6.936999798 6.936999798 6.936999798 6.936999798 6.936999798 6.936999798 6.936999798 6.970107079 
7.039440632 7.133936882 7.211257458 7.278850555 7.370431423 7.397941113 7.405491352 7.488501549 7.486773014 7.442798138 
7.567463875 7.552285194 7.530125618 7.463812351 7.647807598 7.743309498 8.122251511 9.817120552 10.25849724 7.989803314 
10.18127537 8.676620483 10.282691 10.57040119 10.51318073 13.17902756 12.2359972 11.33428478 10.26204586 11.80457401 
17.40377426 20.61776543 19.08900452 19.13648033 21.27626419 20.53928185 13.69532394 12.54636288 14.19513035 15.26083755 
15.70341396 16.13348579 17.78290367 17.03477478 17.32584 13.53056431 8.993281364 9.732021332 13.56264114 13.89167881 
11.89937496 13.77336025 17.13234901 17.37367249 11.04302502 11.15358734 12.51189613 13.00068092 12.25660706 16.56831169 
19.098629 19.06917763 19.1208477 19.53135872 20.53756905 20.27747345 17.38656425 15.48985577 13.23704815 16.81847954 
18.82621002 19.33384895 20.05359268 19.71339035 19.31353569 0 0 0 0 0 
0 0 0 0 0 0 0 0 0 0 
0 0 0 0 0 0 0 0 0 0 
0 0 0 0 0 0 0 0 0 0 
0 0 0 0 0 0 0 0 0 0 
0 0 0 0 0 0 0 0 0 0 
0 0 0 0 0 0 0 0 0 0 
0 0 0 0 0 0 0 0 0 0 
0 0 0 0 0 0 0 0 0 0 
0 0 0 0 0 0 0 0 0 0 
0 0 0 0 0 0 0 0 0 0 
0 0 0 0 0 0 0 0 0 0 
0 0 0 0 0 0 0 0 0 0 
0 0 0 0 0 0 0 0 0 0 
0 0 0 0 0 0 0 0 0 0 
0.8367452025 0.9259429574 3.148732662 5.078255653 7.793832779 8.209710121 10.37510109 12.76987076 13.26135921 13.39920712 
11.41067886 18.58607864 19.16101074 18.83773994 6.566309452 4.431377888 3.735551834 3.518990517 3.006608486 2.702551365 
2.628123999 2.569678545 2.543911457 2.579564571 2.850203514 3.082868576 3.428873539 3.795817852 4.648068905 7.00210762 
6.272306442 13.31115055 11.03605175 9.332676888 6.389678955 6.521765232 8.185005188 11.80990314 13.70510101 15.51866436 
16.53446198 14.74085617 13.78807068 11.77445984 6.425031662 6.809242249 6.677391529 6.531794548 6.78161478 6.864873886 
6.534617901 6.283318996 5.930043697 5.61156559 5.340528011 5.202342987 4.900788784 4.614233971 4.161612034 3.888688087 
3.764944077 3.775687218 3.734923363 3.748044491 4.284389019 5.886450291 6.641610146 6.381594658 6.196653843 6.096294403 
6.136398315 6.027183056 6.007666588 5.884665489 5.736104965 5.434949875 4.700287342 3.976889133 5.019599438 6.698972702 
6.82043457 6.933038235 6.949169636 6.969699383 6.993398666 6.980198383 6.927900314 6.88558197 6.916317463 6.936858177 
6.926879883 6.936205864 6.920340538 6.905666351 6.892815113 6.905711174 6.907954693 6.917812824 6.936999798 6.936999798 
6.936999798 6.936999798 6.936999798 6.936999798 6.936999798 6.936999798 6.936999798 6.936999798 6.936999798 6.936999798 
6.936999798 6.936999798 6.936999798 6.936999798 6.936999798 6.936999798 6.936999798 6.940281868 6.936999798 6.936999798 
6.936999798 6.936999798 6.936999798 6.936999798 6.936999798 7.017873287 7.127867222 7.212628841 7.357115269 7.446015358 
7.493595123 7.647053719 7.642926693 7.630456448 7.590676785 7.72898674 7.719804764 7.705519676 7.88868475 7.971940041 
8.15367794 8.668907166 9.570068359 10.19186211 10.5602026 8.856269836 10.20825291 8.246804237 8.832521439 7.953976631 
10.04855061 10.76296711 11.38185501 18.94847107 10.71024704 12.45812511 19.95328331 15.96867657 18.10356331 20.38642502 
15.34040928 12.96261501 16.0033226 16.1327858 14.12116718 14.04375839 16.77718925 13.90372181 12.33701706 10.98898506 
10.71765232 8.161309242 9.177698135 11.00785255 11.63145733 9.991654396 10.77503777 11.27608395 9.471990585 10.35969162 
10.59648895 12.10119724 12.57780552 15.92003155 16.20368576 16.82358932 19.14587784 19.18965149 19.63507652 18.6866951 
19.67152405 19.41861343 12.06260586 12.7078867 19.19652176 19.34322548 19.63055611 19.73495674 19.67473412 18.10717964 
0 0 0 0 0 0 0 0 0 0 
0 0 0 0 0 0 0 0 0 0 
0 0 0 0 0 0 0 0 0 0 
0 0 0 0 0 0 0 0 0 0 
0 0 0 0 0 0 0 0 0 0 
0 0 0 0 0 0 0 0 0 0 
0 0 0 0 0 0 0 0 0 0 
0 0 0 0 0 0 0 0 0 0 
0 0 0 0 0 0 0 0 0 0 
0 0 0 0 0 0 0 0 0 0 
0 0 0 0 0 0 0 0 0 0 
0 0 0 0 0 0 0 0 0 0 
0 0 0 0 0 0 0 0 0 0 
0 0 0 0 0 0 0 0 0 0 
0 0 0 0 0 0.845883131 0.917667985 3.438847065 5.212885857 6.100868702 
7.285793781 10.32296562 12.89409733 13.03528023 13.02874756 14.24420071 18.2988205 19.1584816 19.10845947 15.48170185 
13.26984882 3.640591145 3.395792007 2.979307175 2.607848167 2.538743973 2.523008347 2.54466629 2.59026289 2.685060263 
2.833500624 3.355265141 3.718071938 4.449845791 4.434291363 5.748743057 8.142248154 13.8884573 13.57202053 8.447770119 
6.863316536 11.80474758 13.41448689 13.81997871 14.4207201 15.50469494 15.17736149 14.44672585 13.76012421 14.05394745 
12.11187363 13.47631359 15.29529381 15.18582726 14.13668251 6.826829433 6.777010441 6.448422909 5.849552155 5.553367138 
5.40040493 5.048254967 4.738763332 4.447511673 4.143785 3.743028164 3.713405132 3.633625031 3.768430233 4.66622448 
5.770843983 6.940587044 6.659760475 6.417824745 6.378079891 6.23459053 6.125527382 6.072826862 5.896667004 5.652409077 
5.18037796 4.756519794 4.374917507 4.072594166 4.457266808 6.450835228 6.70042181 6.934660435 6.969249249 7.003623486 
7.006953716 6.982249737 6.935129642 6.920966625 6.936299324 6.936999798 6.936999798 6.963302612 6.935903549 6.936999798 
6.907955647 6.90940237 6.916873455 6.906854153 6.936999798 6.936999798 6.936999798 6.936999798 6.936999798 6.936999798 
6.936999798 6.936999798 6.936999798 6.936999798 6.936999798 6.936999798 6.936999798 6.936999798 6.936999798 6.936999798 
6.939023495 7.419538975 7.291131973 7.299351692 7.23344183 6.936999798 6.936999798 6.936999798 6.936999798 6.936999798 
6.936999798 6.998774529 7.334029675 7.459378242 7.562501431 7.619616508 7.77208519 7.784985065 7.783069611 7.906392574 
7.902641773 7.883572578 7.890727997 8.084861755 8.141179085 8.280173302 9.0829916 9.602322578 10.06490231 10.41420937 
10.51981354 10.6795826 10.34058666 9.048710823 8.959306717 7.9777565 9.793228149 10.14583683 11.7536478 20.025177 
12.1290369 15.59717274 15.86221409 17.48705482 19.0626297 16.05097008 16.56076813 17.60131836 16.05175018 12.78568172 
13.3424654 15.37762451 8.89941597 8.374297142 8.254725456 8.378125191 8.262753487 8.559499741 9.773204803 12.84438705 
11.13891697 9.035650253 9.159723282 16.39470482 16.94502831 16.46824646 14.06367111 12.25289345 12.36061859 14.83634758 
18.11645508 18.61308861 18.53112984 18.71086311 17.69757843 18.96229362 18.76545525 14.26388168 12.64855099 18.67418671 
19.53734589 19.31223869 19.39841461 19.09820747 14.56643486 0 0 0 0 0 
0 0 0 0 0 0 0 0 0 0 
0 0 0 0 0 0 0 0 0 0 
0 0 0 0 0 0 0 0 0 0 
0 0 0 0 0 0 0 0 0 0 
0 0 0 0 0 0 0 0 0 0 
0 0 0 0 0 0 0 0 0 0 
0 0 0 0 0 0 0 0 0 0 
0 0 0 0 0 0 0 0 0 0 
0 0 0 0 0 0 0 0 0 0 
0 0 0 0 0 0 0 0 0 0 
0 0 0 0 0 0 0 0 0 0 
0 0 0 0 0 0 0 0 0 0 
0 0 0 0 0 0 0 0 0 0 
0 0 0 0 0 0 0 0 0 0 
0 0.9462661147 3.049082279 5.108959198 6.146212578 6.9372859 6.856854916 9.592817307 12.74743748 12.56728458 
15.1605711 11.01267433 14.84107971 19.27770805 23.38810539 17.56693459 3.801815987 3.329448223 2.872083187 2.622240067 
2.532960892 2.549354076 2.594145298 2.622900009 2.69290781 2.788832903 2.943770409 3.217829704 3.702353001 6.272146225 
6.661790848 9.597669601 13.22464752 13.00102234 12.18969917 12.2244072 13.78388119 14.35991764 14.79585648 15.92419434 
16.14155388 16.00915909 15.37220955 16.19630241 15.65653419 14.85795689 14.84864426 17.3921566 18.19989586 16.22214317 
14.79169083 6.762006283 6.564993382 6.303668022 6.414715767 5.638540268 5.220635891 4.904493809 4.567926884 4.192037106 
3.852602482 3.669760227 3.507922649 3.783475876 4.757489681 5.528748989 6.901621819 6.918036938 6.662562847 6.456720352 
6.309640408 6.184299469 6.206924438 6.151884556 6.018303871 5.389949322 5.697642326 5.472285271 5.410387993 6.786674023 
6.873849392 6.694976807 6.736689568 6.977255344 7.026271343 7.026852608 6.99698019 6.979398251 6.950336933 6.936585903 
6.936999798 6.941329479 6.966995239 6.936999798 6.936999798 6.937119007 6.91443491 6.896927834 6.925951958 6.925365925 
6.936999798 6.936999798 6.936999798 6.936999798 6.936999798 6.936999798 6.936999798 6.936999798 6.936999798 6.936999798 
6.936999798 6.936999798 6.936999798 6.936999798 6.939918518 7.39102602 7.905291557 7.719836712 7.660886288 7.586082935 
7.149708748 6.936999798 6.936999798 6.936999798 6.936999798 6.961900234 7.028467178 7.248288155 7.413284779 7.673733234 
7.823899269 7.873522758 7.896876812 7.922608376 8.004136086 7.998791695 8.03372097 8.196016312 8.25060463 8.318933487 
8.53218174 8.912439346 9.59431839 9.957777023 10.2561655 10.47646999 10.64074898 10.71243 10.47650337 9.943622589 
8.543984413 7.966772079 7.993793011 10.5474577 11.92374134 11.79697704 16.79452896 16.31357193 16.98709679 16.18376923 
15.59282589 16.50330162 16.88590622 12.20636463 11.31820488 9.772699356 8.340950012 8.090057373 8.016982079 8.17732811 
9.841010094 9.138876915 9.750227928 12.87925053 15.79499912 16.96967506 15.77432442 17.26445389 17.4090004 17.61902428 
17.52581215 17.01539421 16.1417923 14.77054405 17.48972321 17.55008125 16.7077198 16.77482796 15.4101963 13.75231552 
14.02151203 15.85529041 13.47666073 12.85951519 13.64192295 14.35651493 17.85996437 17.98644447 16.65771484 12.73725414 
0 0 0 0 0 0 0 0 0 0 
0 0 0 0 0 0 0 0 0 0 
0 0 0 0 0 0 0 0 0 0 
0 0 0 0 0 0 0 0 0 0 
0 0 0 0 0 0 0 0 0 0 
0 0 0 0 0 0 0 0 0 0 
0 0 0 0 0 0 0 0 0 0 
0 0 0 0 0 0 0 0 0 0 
0 0 0 0 0 0 0 0 0 0 
0 0 0 0 0 0 0 0 0 0 
0 0 0 0 0 0 0 0 0 0 
0 0 0 0 0 0 0 0 0 0 
0 0 0 0 0 0 0 0 0 0 
0 0 0 0 0 0 0 0 0 0 
0 0 0 0 0 0 0.916348815 0.9251602292 4.819049835 6.210666656 
7.243741512 7.148287773 10.84091663 12.97269249 13.40293598 13.08883095 12.16640663 12.43065262 13.51343536 19.94392967 
17.24720573 4.140884876 3.039272308 2.822137833 2.620963573 2.530699492 2.561272621 2.599714279 2.660809278 2.702410698 
2.749766827 2.85276413 3.04967165 3.113296986 3.211255074 6.832896233 10.61391354 11.2722168 11.60876083 11.7508688 
18.04183006 19.31871605 15.79954052 15.75904655 16.94051933 17.11541939 16.92308044 16.75480652 17.65809631 17.14819527 
16.78727341 17.97576141 18.68217087 19.33671188 19.49500084 17.36890793 14.34085369 7.408606052 10.24005413 6.709007263 
6.334907055 5.854545116 5.104483604 4.622288227 4.238905907 3.87069416 3.632451534 3.480033398 3.389455795 4.03556776 
5.153737545 6.466330528 6.964427471 6.93757391 6.793797493 6.425064087 6.27243948 6.36438179 6.361120224 6.348853588 
6.50934267 6.374090195 6.388266563 6.577957153 7.093317986 7.093894005 6.990902424 7.110009193 7.059958458 7.085769653 
7.066262245 7.059804916 7.008739948 6.983805656 6.9591012 6.936999798 6.935971737 6.936999798 6.936999798 6.936999798 
6.936999798 6.936999798 6.936999798 6.936999798 6.936999798 6.936999798 6.936999798 6.936999798 6.936999798 6.936999798 
6.936999798 6.936999798 6.936999798 6.936999798 6.936999798 6.936999798 6.936999798 6.936999798 6.936999798 6.545456409 
9.447045326 8.935420036 8.092358589 7.899572372 7.534434319 7.056533813 6.936999798 6.936999798 6.936999798 6.966959953 
6.968332767 7.069763184 7.28873539 7.496004581 7.639787674 7.843548775 7.961794376 8.000015259 8.109870911 8.124580383 
8.143367767 8.153590202 8.393474579 8.507669449 8.587526321 8.926029205 9.060256004 9.25994873 9.579419136 10.09625053 
10.39039898 10.58020401 10.62017155 10.33299828 10.04276085 10.06430054 9.090582848 8.318650246 9.523996353 10.84189034 
10.70529938 11.87789154 13.04367256 16.6823597 12.70269775 13.0133791 16.25691032 11.95338917 11.04290771 9.901837349 
9.334649086 8.408042908 8.898727417 9.011792183 16.77773666 16.93185234 14.85721016 17.29779816 12.60694122 16.08187294 
17.00821877 17.30752373 17.3659153 17.64683151 17.62109184 16.51112938 16.22233582 16.84823227 17.21429253 17.60856247 
16.83115768 15.45922852 10.47425556 11.89353561 11.36447144 11.1043272 12.70863152 12.7461977 12.76559258 13.07958412 
12.98501492 15.45725441 16.17005539 12.73424149 18.35185814 0 0 0 0 0 
0 0 0 0 0 0 0 0 0 0 
0 0 0 0 0 0 0 0 0 0 
0 0 0 0 0 0 0 0 0 0 
0 0 0 0 0 0 0 0 0 0 
0 0 0 0 0 0 0 0 0 0 
0 0 0 0 0 0 0 0 0 0 
0 0 0 0 0 0 0 0 0 0 
0 0 0 0 0 0 0 0 0 0 
0 0 0 0 0 0 0 0 0 0 
0 0 0 0 0 0 0 0 0 0 
0 0 0 0 0 0 0 0 0 0 
0 0 0 0 0 0 0 0 0 0 
0 0 0 0 0 0 0 0 0 0 
0 0 0 0 0 0 0 0 0 0 
0 0.8845370412 0.9179951549 1.910052776 5.000762463 7.844198227 12.24899769 11.88630295 13.01125526 12.97113323 
13.23000526 16.14517975 19.02117538 21.32988358 16.62008667 13.04055405 3.843579292 2.99040699 2.794376373 2.631723404 
2.6254673 2.636100292 2.683977604 2.702720642 2.773499727 2.711203098 2.765879631 2.926228046 3.084322453 3.390439987 
6.394184589 8.77247715 11.67805958 11.89465427 12.51063728 18.34701729 18.14027405 17.33476639 17.93721008 17.72524834 
17.86427689 17.71836662 18.55160522 19.14014053 18.81435204 18.21413994 19.23025513 19.08503151 19.57954216 20.19633484 
19.97466278 19.63103294 17.87289238 19.14389801 9.477043152 6.52508831 6.027797699 5.818707943 5.231487751 4.284482479 
3.899435043 3.588356018 3.397295475 3.294489861 3.360133648 4.879179955 6.075181484 6.426693439 6.959272861 6.881048679 
6.750098228 6.612665653 6.434314728 6.510770321 6.58519268 6.731400967 6.63841629 6.792574883 7.192876339 7.279479027 
7.265571117 7.215509415 7.298810482 7.228160858 7.174449921 7.140545845 7.117584229 7.05603838 7.026226521 7.042831898 
6.985106468 6.956499577 6.936017513 6.94735527 6.945367813 6.936999798 6.936999798 6.936999798 6.936999798 6.936999798 
6.936999798 6.936999798 6.936999798 6.936999798 6.936999798 6.936999798 6.936999798 6.936999798 6.936999798 6.936999798 
6.936999798 6.936999798 6.936999798 6.936999798 6.755997181 9.956218719 9.317411423 8.751815796 8.41349411 7.427204609 
6.945351124 6.936999798 6.936999798 6.936999798 6.961683273 7.100985527 7.254951 7.414098263 7.572808743 7.814286709 
7.913383007 7.999118805 8.049809456 8.250242233 8.301092148 8.342019081 8.552440643 8.60789299 8.674253464 8.796025276 
9.085594177 9.184426308 9.337485313 9.661800385 9.853399277 10.03487015 10.53012371 10.57913876 10.59606552 9.974027634 
9.884882927 9.801613808 9.714943886 8.341958046 9.396536827 9.367437363 10.64371395 11.38742828 10.76144505 9.894850731 
11.29259968 12.20436478 9.870451927 9.832224846 9.450875282 8.56269455 13.5938921 13.71631527 15.96190453 15.40465069 
18.01572418 18.3319912 11.71012974 12.60493183 15.93046474 16.54556084 16.34862137 17.30582809 17.6178093 17.713974 
16.54962158 15.55170059 16.61800957 16.22691727 14.59463596 14.56371689 13.62331772 9.949175835 9.811006546 9.676071167 
11.61040688 13.03487206 12.65355492 12.86684799 13.1404171 14.11301613 15.24315643 14.39765835 13.28215694 18.70755577 
0 0 0 0 0 0 0 0 0 0 
0 0 0 0 0 0 0 0 0 0 
0 0 0 0 0 0 0 0 0 0 
0 0 0 0 0 0 0 0 0 0 
0 0 0 0 0 0 0 0 0 0 
0 0 0 0 0 0 0 0 0 0 
0 0 0 0 0 0 0 0 0 0 
0 0 0 0 0 0 0 0 0 0 
0 0 0 0 0 0 0 0 0 0 
0 0 0 0 0 0 0 0 0 0 
0 0 0 0 0 0 0 0 0 0 
0 0 0 0 0 0 0 0 0 0 
0 0 0 0 0 0 0 0 0 0 
0 0 0 0 0 0 0 0 0 0 
0 0 0 0 0 0 0.8801364303 0.941309154 2.24209404 5.280636787 
6.808595181 7.08682394 13.14991188 13.03015709 13.06519985 12.86449242 18.40689468 18.53962708 17.59897995 29.9218235 
12.23395157 3.646429539 3.013618469 2.884205341 2.766819954 2.668381214 2.721502304 2.795619965 2.888068676 2.842167377 
2.745049477 2.70288372 2.848209381 3.095182896 3.493663788 6.502011776 9.28715229 12.14434624 14.1409874 21.05974007 
20.24430656 18.5586319 17.93700409 18.76200485 18.48410606 18.36071968 19.67467117 19.34599495 19.63096046 19.60781097 
19.57527351 19.52022552 19.17566299 19.6786747 20.65070915 20.72625923 20.63710976 21.56767464 20.53869629 10.88699532 
6.745640755 6.583544254 6.006666183 5.360886097 4.732992649 4.340173244 3.501567841 3.283463955 3.029459 3.113644123 
3.555242062 4.289226532 5.859945297 6.647186279 6.914566517 6.806598186 6.652095318 6.516894817 6.552487373 6.986562729 
7.033990383 7.018901348 7.083752632 7.38104105 7.41390419 7.438609123 7.525424004 7.461397171 7.382768154 7.300854206 
7.31663847 7.252449989 7.137971878 7.088335991 7.0843997 7.021043301 6.979134083 6.979833126 6.957743168 6.936825275 
6.936999798 6.936999798 6.936999798 6.936999798 6.936999798 6.936999798 6.936999798 6.936999798 6.936999798 6.936999798 
6.936999798 6.936999798 6.936999798 6.936999798 6.936999798 6.936999798 6.936999798 6.936999798 6.936999798 6.954312801 
9.748041153 9.504647255 8.841108322 8.031175613 7.376899242 7.118724346 6.940048218 6.9401021 6.953330994 7.045512199 
7.265915871 7.30609417 7.408018589 7.815685272 7.91041851 8.017792702 8.085859299 8.220592499 8.292834282 8.356902122 
8.47423172 8.707543373 8.777288437 8.866512299 9.195631027 9.251447678 9.319549561 9.42624855 9.804662704 9.966272354 
10.02929306 10.23897743 10.38561153 10.65170193 10.17624569 10.39555359 10.46005726 10.4494133 10.51113319 10.62713623 
10.03808784 10.09458351 10.37805176 9.972810745 9.631991386 9.927532196 9.814849854 9.799973488 9.814792633 9.521080971 
10.510355 13.82952881 14.32616138 11.61059952 16.00126457 15.76716042 13.34764481 12.95403957 14.71689606 15.78772259 
16.07538414 16.27302742 17.22826767 17.53896141 17.63442802 17.29426956 16.87066841 14.90895939 11.10958481 11.56138992 
11.66545296 10.43385983 9.965601921 10.92097282 13.3634491 13.04644108 13.05055237 13.04397202 13.02648067 12.79600716 
13.59951496 14.16233826 12.92420006 14.65590096 19.00572777 